camera_matrix:
  rows: 3
  cols: 3
  data:
    - 243.762740
    - 0.000000
    - 259.440156
    - 0.000000
    - 244.236210
    - 191.623041
    - 0.000000
    - 0.000000
    - 1.000000

distortion_coefficients:
  rows: 1
  cols: 5
  data:
    - -0.179154
    - 0.041029
    - -0.001240
    - 0.000456
    - 0.000000  