camera_matrix:
  rows: 3
  cols: 3
  data:
    - 241.574152
    - 0.000000
    - 245.622459
    - 0.000000
    - 240.962419
    - 188.186666
    - 0.000000
    - 0.000000
    - 1.000000

distortion_coefficients:
  rows: 1
  cols: 5
  data:
    - -0.182866
    - 0.042365
    - -0.001724
    - -0.000473
    - 0.000000
