camera_matrix:
  rows: 3
  cols: 3
  data:
    - 1637.855960 
    - 0.000000
    - 546.820824
    - 0.000000
    - 1629.665877
    - 367.335716
    - 0.000000
    - 0.000000
    - 1.000000

distortion_coefficients:
  rows: 1
  cols: 5
  data:
    - -0.316097
    - 0.461574
    - -0.001655
    - 0.004033
    - 0.000000
