camera_matrix:
  rows: 3
  cols: 3
  data:
  - 1669.803681
  - 0.000000
  - 550.637949
  - 0.000000
  - 1667.774209
  - 261.517346
  - 0.000000
  - 0.000000
  - 1.000000

distortion_coefficients:
  rows: 1
  cols: 5
  data:
  - -0.285679
  - -0.003097
  - -0.007689
  - -0.000588
  - 0.000000